0 0.40404040404040403 0.4970588235294118 0.13468013468013468 0.041176470588235294
0 0.2895622895622896 0.6205882352941177 0.2222222222222222 0.19411764705882353
0 0.21548821548821548 0.8 0.10101010101010101 0.023529411764705882
0 0.9612794612794613 0.5294117647058824 0.07744107744107744 0.058823529411764705
0 0.9292929292929293 0.7235294117647059 0.13468013468013468 0.10588235294117647
1 0.3787878787878788 0.2588235294117647 0.35353535353535354 0.4235294117647059
1 0.7962962962962963 0.3176470588235294 0.24579124579124578 0.5529411764705883
1 0.9612794612794613 0.3588235294117647 0.07744107744107744 0.27058823529411763
1 0.5791245791245792 0.5117647058823529 0.19528619528619529 0.07058823529411765
1 0.6161616161616161 0.24705882352941178 0.11447811447811447 0.4588235294117647
