0 0.13307984790874525 0.234375 0.16730038022813687 0.3125
0 0.07984790874524715 0.5208333333333333 0.060836501901140684 0.13541666666666666
0 0.3041825095057034 0.5364583333333333 0.09885931558935361 0.13541666666666666
0 0.5304182509505704 0.5442708333333333 0.11026615969581749 0.203125
0 0.8174904942965779 0.5234375 0.030418250950570342 0.06770833333333333
0 0.6901140684410646 0.5 0.034220532319391636 0.05208333333333333
0 0.30988593155893535 0.3020833333333333 0.18631178707224336 0.11458333333333333
0 0.5722433460076045 0.2708333333333333 0.1482889733840304 0.28125
0 0.7490494296577946 0.39322916666666663 0.1520912547528517 0.08854166666666666
1 0.41634980988593157 0.12760416666666666 0.17110266159695817 0.234375
1 0.6463878326996197 0.0703125 0.2813688212927757 0.13020833333333331
1 0.7091254752851711 0.24479166666666666 0.11787072243346007 0.21875
