0 0.35454545454545455 0.4562841530054645 0.23636363636363636 0.366120218579235
0 0.2018181818181818 0.7404371584699454 0.11272727272727273 0.10382513661202186
0 0.43636363636363634 0.7131147540983607 0.05090909090909091 0.14754098360655737
0 0.7218181818181818 0.5081967213114754 0.4109090909090909 0.20765027322404372
0 0.6618181818181819 0.6693989071038251 0.05090909090909091 0.060109289617486336
0 0.8727272727272727 0.7185792349726776 0.03636363636363636 0.12568306010928962
0 0.96 0.4207650273224044 0.014545454545454545 0.17486338797814208
1 0.5018181818181818 0.13934426229508196 0.9890909090909091 0.2677595628415301
1 0.7163636363636363 0.3442622950819672 0.46545454545454545 0.1092896174863388
1 0.12181818181818181 0.4726775956284153 0.2290909090909091 0.3879781420765027
